res://audio/music/Stage2_170bpm.wav

12.83
15.67
18.50
21.33
24.17
27.00
29.80
32.63
35.43
35.97
36.87
37.37
38.27
38.77
39.67
40.20
41.10
41.60
42.50
43.03
43.90
44.43
45.30
45.87
46.73
47.27
48.13
48.67
49.53
50.07
50.97
51.50
52.40
52.93
53.77
54.47
55.17
55.87
56.60
57.27
58.00
60.80
63.63
66.43
69.27
70.70
72.10
73.50
74.90
76.33
77.73
79.13
80.57
81.57
82.57
83.57
84.57
85.57
86.57
87.57
88.57
89.57
90.57
91.57
92.57
93.57
94.57
95.57
96.57
97.57
98.57
99.57
100.57
101.57
102.57
103.17

end
